Addition table:

      000  100  200  010  110  210  020  120  220  001  101  201  011  111  211  021  121  221  002  102  202  012  112  212  022  122  222 
     ---------------------------------------------------------------------------------------------------------------------------------------
000 | 000  100  200  010  110  210  020  120  220  001  101  201  011  111  211  021  121  221  002  102  202  012  112  212  022  122  222 
    |
100 | 100  200  000  110  210  010  120  220  020  101  201  001  111  211  011  121  221  021  102  202  002  112  212  012  122  222  022 
    |
200 | 200  000  100  210  010  110  220  020  120  201  001  101  211  011  111  221  021  121  202  002  102  212  012  112  222  022  122 
    |
010 | 010  110  210  020  120  220  000  100  200  011  111  211  021  121  221  001  101  201  012  112  212  022  122  222  002  102  202 
    |
110 | 110  210  010  120  220  020  100  200  000  111  211  011  121  221  021  101  201  001  112  212  012  122  222  022  102  202  002 
    |
210 | 210  010  110  220  020  120  200  000  100  211  011  111  221  021  121  201  001  101  212  012  112  222  022  122  202  002  102 
    |
020 | 020  120  220  000  100  200  010  110  210  021  121  221  001  101  201  011  111  211  022  122  222  002  102  202  012  112  212 
    |
120 | 120  220  020  100  200  000  110  210  010  121  221  021  101  201  001  111  211  011  122  222  022  102  202  002  112  212  012 
    |
220 | 220  020  120  200  000  100  210  010  110  221  021  121  201  001  101  211  011  111  222  022  122  202  002  102  212  012  112 
    |
001 | 001  101  201  011  111  211  021  121  221  002  102  202  012  112  212  022  122  222  000  100  200  010  110  210  020  120  220 
    |
101 | 101  201  001  111  211  011  121  221  021  102  202  002  112  212  012  122  222  022  100  200  000  110  210  010  120  220  020 
    |
201 | 201  001  101  211  011  111  221  021  121  202  002  102  212  012  112  222  022  122  200  000  100  210  010  110  220  020  120 
    |
011 | 011  111  211  021  121  221  001  101  201  012  112  212  022  122  222  002  102  202  010  110  210  020  120  220  000  100  200 
    |
111 | 111  211  011  121  221  021  101  201  001  112  212  012  122  222  022  102  202  002  110  210  010  120  220  020  100  200  000 
    |
211 | 211  011  111  221  021  121  201  001  101  212  012  112  222  022  122  202  002  102  210  010  110  220  020  120  200  000  100 
    |
021 | 021  121  221  001  101  201  011  111  211  022  122  222  002  102  202  012  112  212  020  120  220  000  100  200  010  110  210 
    |
121 | 121  221  021  101  201  001  111  211  011  122  222  022  102  202  002  112  212  012  120  220  020  100  200  000  110  210  010 
    |
221 | 221  021  121  201  001  101  211  011  111  222  022  122  202  002  102  212  012  112  220  020  120  200  000  100  210  010  110 
    |
002 | 002  102  202  012  112  212  022  122  222  000  100  200  010  110  210  020  120  220  001  101  201  011  111  211  021  121  221 
    |
102 | 102  202  002  112  212  012  122  222  022  100  200  000  110  210  010  120  220  020  101  201  001  111  211  011  121  221  021 
    |
202 | 202  002  102  212  012  112  222  022  122  200  000  100  210  010  110  220  020  120  201  001  101  211  011  111  221  021  121 
    |
012 | 012  112  212  022  122  222  002  102  202  010  110  210  020  120  220  000  100  200  011  111  211  021  121  221  001  101  201 
    |
112 | 112  212  012  122  222  022  102  202  002  110  210  010  120  220  020  100  200  000  111  211  011  121  221  021  101  201  001 
    |
212 | 212  012  112  222  022  122  202  002  102  210  010  110  220  020  120  200  000  100  211  011  111  221  021  121  201  001  101 
    |
022 | 022  122  222  002  102  202  012  112  212  020  120  220  000  100  200  010  110  210  021  121  221  001  101  201  011  111  211 
    |
122 | 122  222  022  102  202  002  112  212  012  120  220  020  100  200  000  110  210  010  121  221  021  101  201  001  111  211  011 
    |
222 | 222  022  122  202  002  102  212  012  112  220  020  120  200  000  100  210  010  110  221  021  121  201  001  101  211  011  111 
    |


Multiplication table:

      000  100  200  010  110  210  020  120  220  001  101  201  011  111  211  021  121  221  002  102  202  012  112  212  022  122  222 
     ---------------------------------------------------------------------------------------------------------------------------------------
000 | 000  000  000  000  000  000  000  000  000  000  000  000  000  000  000  000  000  000  000  000  000  000  000  000  000  000  000 
    |
100 | 000  100  200  010  110  210  020  120  220  001  101  201  011  111  211  021  121  221  002  102  202  012  112  212  022  122  222 
    |
200 | 000  200  100  020  220  120  010  210  110  002  202  102  022  222  122  012  212  112  001  201  101  021  221  121  011  211  111 
    |
010 | 000  010  020  001  011  021  002  012  022  100  110  120  101  111  121  102  112  122  200  210  220  201  211  221  202  212  222 
    |
110 | 000  110  220  011  121  201  022  102  212  101  211  021  112  222  002  120  200  010  202  012  122  210  020  100  221  001  111 
    |
210 | 000  210  120  021  201  111  012  222  102  102  012  222  120  000  210  111  021  201  201  111  021  222  102  012  210  120  000 
    |
020 | 000  020  010  002  022  012  001  021  011  200  220  210  202  222  212  201  221  211  100  120  110  102  122  112  101  121  111 
    |
120 | 000  120  210  012  102  222  021  111  201  201  021  111  210  000  120  222  012  102  102  222  012  111  201  021  120  210  000 
    |
220 | 000  220  110  022  212  102  011  201  121  202  122  012  221  111  001  210  100  020  101  021  211  120  010  200  112  002  222 
    |
001 | 000  001  002  100  101  102  200  201  202  010  011  012  110  111  112  210  211  212  020  021  022  120  121  122  220  221  222 
    |
101 | 000  101  202  110  211  012  220  021  122  011  112  210  121  222  020  201  002  100  022  120  221  102  200  001  212  010  111 
    |
201 | 000  201  102  120  021  222  210  111  012  012  210  111  102  000  201  222  120  021  021  222  120  111  012  210  201  102  000 
    |
011 | 000  011  022  101  112  120  202  210  221  110  121  102  211  222  200  012  020  001  220  201  212  021  002  010  122  100  111 
    |
111 | 000  111  222  111  222  000  222  000  111  111  222  000  222  000  111  000  111  222  222  000  111  000  111  222  111  222  000 
    |
211 | 000  211  122  121  002  210  212  120  001  112  020  201  200  111  022  021  202  110  221  102  010  012  220  101  100  011  222 
    |
021 | 000  021  012  102  120  111  201  222  210  210  201  222  012  000  021  111  102  120  120  111  102  222  210  201  021  012  000 
    |
121 | 000  121  212  112  200  021  221  012  100  211  002  120  020  111  202  102  220  011  122  210  001  201  022  110  010  101  222 
    |
221 | 000  221  112  122  010  201  211  102  020  212  100  021  001  222  110  120  011  202  121  012  200  210  101  022  002  220  111 
    |
002 | 000  002  001  200  202  201  100  102  101  020  022  021  220  222  221  120  122  121  010  012  011  210  212  211  110  112  111 
    |
102 | 000  102  201  210  012  111  120  222  021  021  120  222  201  000  102  111  210  012  012  111  210  222  021  120  102  201  000 
    |
202 | 000  202  101  220  122  021  110  012  211  022  221  120  212  111  010  102  001  200  011  210  112  201  100  002  121  020  222 
    |
012 | 000  012  021  201  210  222  102  111  120  120  102  111  021  000  012  222  201  210  210  222  201  111  120  102  012  021  000 
    |
112 | 000  112  221  211  020  102  122  201  010  121  200  012  002  111  220  210  022  101  212  021  100  120  202  011  001  110  222 
    |
212 | 000  212  121  221  100  012  112  021  200  122  001  210  010  222  101  201  110  022  211  120  002  102  011  220  020  202  111 
    |
022 | 000  022  011  202  221  210  101  120  112  220  212  201  122  111  100  021  010  002  110  102  121  012  001  020  211  200  222 
    |
122 | 000  122  211  212  001  120  121  210  002  221  010  102  100  222  011  012  101  220  112  201  020  021  110  202  200  022  111 
    |
222 | 000  222  111  222  111  000  111  000  222  222  111  000  111  000  222  000  222  111  111  000  222  000  222  111  222  111  000 
    |
